[[2,30.65297536079808],[3,30.27611835976362],[4,30.507348655963867],[5,30.877433848962177],[1,31.029832361832543],[6,31.247519041960487]]
[[3,30.823400048743995],[4,30.16276700356844],[5,30.835178746933536],[6,30.165006618772022],[1,32.14466613909511],[2,31.48403309391955]]
[[1,60.215305512884164],[2,60.189961358540906],[3,60.99035145421301],[4,61.79074154988512],[5,62.591131645557226],[6,63.39152174122933]]
[[1,60.77877176266087],[2,60.39483374522268],[3,60.543755975867576],[4,60.84537368229938],[5,61.14699138873119],[6,61.44860909516299]]

Sum: [[1,182.63362583858822],[2,182.7218035584812],[3,183.3062308917168],[4,184.16857577647266],[5,185.4507356301841],[6,186.25265649712483]]




========LAPTOP1 HAS LEFT ROOM1============

Received data @/spaces/room1/ from /spaces/room1/lamp2/, type=KW
[[13,30.144442183402223],[14,30.11741214753486],[15,30.648613324743295],[16,30.206573114842993],[17,30.53964244556614],[10,30.22553229100431],[11,30.198502255136948],[12,30.171472219269585]]
[[10,60.4805725047773],[11,60.39947924811195],[12,60.553404064807054],[13,60.26528511972416],[14,60.7716093802253],[15,60.50857691922133],[16,60.24554445821737],[17,59.9825119972134]]
Received data @/spaces/room1/ from /spaces/room1/laptop2/, type=KW
[[11,60.98350568947511],[12,60.95502457448219],[13,60.0333433061761],[14,60.95022472278076],[15,60.04981989145459],[10,61.01198680446803],[16,59.14941506012842],[17,58.24901022880225]]

Sum: [[10,148.7711646715818],[11,149.60153263318878],[12,150.44307060930248],[13,151.20701013541924],[14,151.581487192724],[15,151.67990085855882],[16,151.71809160024964],[17,151.83924625054092]]


========LAPTOP1 HAS JOINED ROOM2===========

Room2:
Schedule Aggregation Task
[[12,30.758290422580718],[16,30.308793364210427],[20,30.423414572064633],[24,30.459638593904725]]

Sum: [[12,30.003640637716163],[16,30.1250822846374],[20,30.30246243462013],[24,30.308793364210427]]

Room1:
[[13,30.64890672573657],[14,30.60077272685264],[15,30.22745955097087],[16,30.148439558274664],[17,30.97211807536482],[10,30.79330872238836],[11,30.74517472350443],[12,30.6970407246205]]
Received data @/spaces/room1/ from /spaces/room1/laptop2/, type=KW
[[10,60.21603754425301],[11,60.84413993577286],[12,60.271204795344275],[13,60.90770928839086],[14,60.856153334077895],[15,60.029322273813925],[16,59.20249121354996],[17,58.37566015328599]]
[[11,60.687917959808175],[12,60.13482184539045],[13,60.241578986494524],[14,60.212319956069535],[15,60.50833971093839],[10,61.2410140742259],[16,60.80435946580724],[17,61.10037922067609]]
Received data @/spaces/room1/ from /spaces/room1/lamp1/, type=KW

Sum: [[10,150.15529023763185],[11,150.4481574493269],[12,150.76512153572318],[13,151.10306736535523],[14,151.66924601700006],[15,151.79819500062194],[16,152.25036034086727],[17,152.27723261908545]]




========================================================================================================================
========================================================================================================================

==Room1==
Laptop1
[1,32.14466613909511; 2,31.48403309391955; 3,30.823400048743995; 4,30.16276700356844; 5,30.835178746933536; 6,30.165006618772022;
12,30.758290422580718; 16,30.308793364210427; 20,30.423414572064633; 24,30.459638593904725]

Laptop2
[1,31.029832361832543; 2,30.65297536079808; 3,30.27611835976362; 4,30.507348655963867; 5,30.877433848962177; 6,31.247519041960487; 10,30.79330872238836; 11,30.74517472350443; 12,30.6970407246205; 13,30.64890672573657; 14,30.60077272685264; 15,30.22745955097087; 16,30.148439558274664; 17,30.97211807536482; 18,30.023558178621048; 19,30.79241573406629; 20,30.860450480219104; 21,30.85249837443704; 22,30.47435543413101; 23,30.987862689831886; 24,30.106693667609004; 25,30.651911505933167; 26,30.80712802738491
]

Lamp1
[1,60.215305512884164; 2,60.189961358540906; 3,60.99035145421301; 4,61.79074154988512;5,62.591131645557226;6,63.39152174122933; 10,61.2410140742259;11,60.687917959808175;12,60.13482184539045;13,60.241578986494524;14,60.212319956069535;15,60.50833971093839;16,60.80435946580724;17,61.10037922067609; 18,60.088683734761304; 19,60.40863100601467; 20,60.791687282502735; 21,61.1747435589908; 22,61.55779983547886; 23,60.38918148384409; 24,60.54513831334419; 25,60.13493073309205; 26,59.7247231528399
]

Lamp2
[
1,60.77877176266087; 2,60.39483374522268; 3,60.543755975867576; 4,60.84537368229938; 5,61.14699138873119; 6,61.44860909516299; 10,60.21603754425301; 11,60.84413993577286; 12,60.271204795344275; 13,60.90770928839086; 14,60.856153334077895; 15,60.029322273813925; 16,59.20249121354996; 17,58.37566015328599; 18,60.743983041606114; 19,60.85909641602417; 20,60.774568057507885; 21,60.91018340891195; 22,61.04579876031601; 23,60.823054601015144; 24,60.88724693354541; 25,60.516469850497515; 26,60.021284923668354
]

Sum: 
[
1,182.63362583858822; 2,182.7218035584812; 3,183.3062308917168; 4,184.16857577647266; 5,185.4507356301841; 6,186.25265649712483; 10,150.15529023763185; 11,150.4481574493269; 12,150.76512153572318; 13,151.10306736535523; 14,151.66924601700006; 15,151.79819500062194; 16,152.25036034086727; 17,152.27723261908545; 18,150.85622495498848; 19,152.06014315610514; 20,152.42670582022973; 21,152.9374253423398; 22,153.0779540299258; 23,150.55313610389317; 24,151.30331208952273; 25,151.5390789144986; 26,152.20009877469113
]

==Room 2==
laptop1
[12,30.758290422580718, 16,30.308793364210427, 20,30.423414572064633 24,30.459638593904725]

Sum: 
[
1,0;
12,30.758290422580718;
16,30.308793364210427; 
20,30.423414572064633;
24,30.459638593904725
]


















